 0.773763  2.392721  0.470394  0.195249  -0.142086  -0.016516  0.424859  -0.572384  -0.328056  -0.213048  0.011762  -0.122571 
 0.138628  -0.194266  -0.782167  0.322356  1.133939  -0.169882  -1.840099  -0.374637  0.343017  0.243185  0.113917  0.210972 
 0.207434  0.619493  0.251425  -0.487631  1.075844  -0.366572  -0.697606  -0.274066  0.642456  0.393513  0.436238  -0.435187 
 -0.791200  -0.111231  -0.536482  0.763410  0.882475  0.493782  -0.568391  -0.493126  -1.561418  0.373714  0.677038  -0.178960 
 -0.976060  -0.092955  -1.565878  -0.819921  0.283067  0.000254  0.307181  0.278805  0.207947  -0.778372  -0.339036  0.061897 
 0.680558  -0.231350  0.196782  -0.314777  0.076917  1.006749  0.060570  0.187623  -0.030682  0.227353  0.185643  0.252541 
 0.420148  1.355451  0.384815  0.341476  -0.013754  0.347378  -1.462354  0.330267  -0.367490  1.231257  0.521704  -0.373621 
 0.243734  0.133712  -0.652948  0.776973  1.780305  0.010419  0.851779  -0.142313  -0.942782  1.259991  0.868961  -0.471463 
 -0.270556  -0.876378  -0.310713  -0.646244  -0.451619  -0.744271  0.498653  -0.790631  -1.968502  1.872683  1.368096  -0.636611 
 -0.307034  -1.218686  -1.634593  -0.557490  -0.088725  -1.140301  -0.248998  -1.001131  -0.267186  0.305306  0.321843  -0.138901 
 0.634520  -0.095549  -0.365851  -0.490123  -0.404957  -0.163542  0.331183  -0.409971  -0.219752  -0.344606  0.345514  0.351252 
 -0.785025  -2.579993  0.581945  0.751464  0.678809  0.276981  -1.030344  -0.458821  0.604201  -1.046312  -0.765228  0.404002 
 0.003967  -2.139557  -0.521819  -0.543943  1.187153  0.272679  -0.220462  0.149916  0.526515  0.139642  0.285718  -0.432938 
 -0.248448  -2.610301  0.303480  -0.281465  0.321061  0.157935  -0.388549  -0.769636  -0.064610  -0.003056  0.436743  -0.359996 
 0.571803  0.544732  0.442897  0.050596  -0.671459  0.410633  -0.448377  -0.608555  -0.024271  -0.229364  -0.352136  -0.398561 
 -0.193285  -0.859134  0.519048  -0.039982  0.719834  0.602098  -1.070151  -0.359979  -0.606967  1.262989  0.505855  0.158508 
 -0.484798  0.214774  0.525695  0.717657  1.789378  0.150904  0.375893  0.627765  -1.205965  1.300287  0.675656  -0.384019 
 0.539066  -0.167854  0.849513  -0.528023  -1.753120  0.534816  -0.341581  0.656229  0.666513  0.141990  -0.144625  -0.022628 
 0.262521  2.004185  -0.527590  0.036483  -0.158766  -0.211123  0.501386  -0.836013  -1.232125  0.415325  -0.082447  0.815674 
 1.024311  0.499133  -0.010853  -0.153221  -0.619104  -0.172185  -0.337832  0.577576  -0.099083  0.195464  0.772516  0.213264 
 0.313804  0.517111  -0.458585  0.321780  -0.317441  -0.205844  -0.665955  0.727688  0.555468  -0.648763  -0.174934  0.016869 
 0.137928  0.517239  -0.210023  0.540101  0.055810  -0.032320  0.440933  0.402000  -0.086345  0.287970  0.272533  -0.538247 
 -0.024844  0.802234  -0.036246  -0.689924  0.519459  0.363641  -1.071271  -0.144532  -0.418491  -0.482205  -0.422218  -1.047523 
 -0.084813  -1.077403  1.329484  -0.031246  0.466677  0.369572  -0.985944  -0.373618  0.336034  0.722419  0.761222  0.192503 
 -1.181414  -1.283128  -0.198914  -0.150150  1.091124  0.263314  -0.417081  -0.210349  -0.481359  0.549862  0.398439  0.140996 
 -0.172397  1.080400  -0.872429  -0.261418  -0.203477  0.174086  -0.748701  -0.496282  -0.433027  -0.148414  0.080037  0.874521 
 -0.747913  -0.688974  0.108762  1.011684  1.153097  -0.899135  1.835220  -0.943905  -1.969572  1.378524  0.169878  -0.145649 
 -0.334946  -0.510361  -0.188374  0.219016  -0.523015  0.714552  -0.444540  0.053142  0.354054  -0.554947  -0.329534  0.429965 
 0.121275  0.830922  0.132004  -0.367244  -0.511121  -0.838471  0.679512  -0.014589  0.445089  0.560109  0.259692  0.845785 
 -0.381906  -2.037475  -1.319475  -0.189340  -0.203095  -0.196371  -0.531869  0.227865  0.664796  0.321790  -0.289781  0.337528 
 -0.889331  -1.078854  -0.511190  0.150067  -0.056340  0.939302  0.339585  0.078339  -0.700564  -0.159516  -0.205684  0.002627 
 -0.165850  1.190516  0.497835  -0.366568  -0.403223  -0.991285  0.217803  -0.346562  -1.022411  -0.487981  0.472848  0.131620 
 0.286287  -0.048537  0.868569  0.416247  0.830107  0.378607  -0.506114  -0.391166  -1.262815  0.854826  0.198233  -0.375057 
 0.647907  -0.454969  -0.715837  0.530759  0.471748  0.890124  -0.524238  0.344673  -0.584689  0.115466  0.044842  -0.233241 
 -0.666075  -0.476243  0.021610  0.276163  -0.722952  -0.181629  0.727865  -0.241448  0.936256  -1.189200  -0.795831  0.537355 
 -0.256494  -3.682157  -0.257995  -0.793565  -0.644932  0.499820  -0.112251  0.612724  1.999912  -1.299146  -1.091200  -0.652141 
 0.632597  1.410665  0.001090  -0.085303  0.036030  -0.719835  0.376385  -0.122081  0.167098  0.254734  0.012860  0.844280 
 -0.460865  -0.917581  0.739802  0.564191  -0.047920  -0.211321  0.277885  0.858783  1.818326  -1.208191  -0.900092  -0.618943 
 -0.553251  -1.344485  -0.327934  0.443290  0.043293  0.056752  -0.988291  -0.070889  -0.039907  -0.268282  0.115939  -1.018203 
 0.281825  0.480275  0.229150  0.152192  0.941449  -0.904866  0.781700  0.219505  -0.948547  0.896052  0.522104  0.348866 
 -0.162450  -3.777097  -0.794695  0.008333  -0.307350  0.390781  -1.196159  0.315624  -0.080199  0.338319  0.139727  -0.079355 
 -0.000776  0.366718  -0.166572  -0.460236  -0.213138  0.698486  -0.396937  0.552980  1.481973  -1.205153  -0.828820  0.541212 
 0.753296  -0.041341  0.717624  0.349190  0.221931  -1.100415  0.735376  -0.645536  -0.633449  -0.089270  -0.043277  0.128201 
 -0.730101  -0.577314  0.214415  -0.561846  0.457705  -0.472637  0.609632  -0.015940  0.000419  -0.694637  -0.658878  -0.243232 
 0.007498  -0.272287  -0.380820  0.501381  -0.213163  -0.121593  -0.180464  0.195947  1.094769  -0.895483  -0.202494  0.397326 
 0.196208  -1.759398  -0.194870  0.283945  -0.043756  0.639832  -0.418236  1.047266  0.784991  0.205799  0.192140  0.528511 
 0.128509  1.124802  -1.496920  -0.372306  -0.085221  0.224213  -1.176560  -1.072195  0.548581  -0.440731  0.082534  0.217732 
 -0.688408  -2.624673  -0.876142  0.313514  -0.140771  -0.059787  0.489532  0.511888  0.620814  -0.038918  0.066691  -0.341554 
 -0.169310  0.019898  0.569087  1.138061  0.802402  -0.599517  0.987825  -0.701052  -1.453511  1.331603  0.901950  -0.063544 
 0.532838  0.976453  1.021167  0.244203  -0.364843  -0.393195  2.033092  -0.108748  -0.325579  0.575469  0.136197  0.442826 
 0.093335  0.380315  -0.158599  0.468352  0.435830  -1.593422  1.211665  -0.724812  -0.247419  -0.276204  0.020027  -0.192633 
 1.223982  1.961489  0.676859  0.887522  0.519336  0.049767  1.715850  0.870430  0.865293  -0.524622  -0.170128  -0.119491 
 0.194978  1.377447  1.776830  0.416776  0.419484  -0.164693  -0.241313  0.502718  -0.069705  0.328006  0.189608  -0.333669 
 -0.320783  -1.151466  -0.457264  -0.200933  -0.236298  -1.381198  2.694499  0.323464  -0.964664  0.255976  -0.138598  0.280344 
 -0.411793  0.795857  -0.066052  -0.471420  0.091106  -0.293334  0.727558  0.011057  -0.195829  0.006771  0.299574  -0.012294 
 -0.394606  -1.124668  0.165523  0.069477  -0.477476  -0.495523  1.037352  -0.100710  0.144991  0.028828  -0.202726  1.042998 
 -0.440035  -0.108097  0.361393  -0.052287  -0.061622  0.300599  -0.326540  -0.964617  -1.391726  1.148692  0.260368  -0.182894 
 0.009727  -0.334271  -0.203699  0.168085  -0.181515  0.488736  -1.385025  -0.232870  -0.707627  0.702648  0.418306  0.030170 
 0.080585  -0.784767  -0.138356  0.487087  -0.249881  0.055857  -0.872323  -0.290628  -0.329187  1.567413  0.861208  -0.100052 
 0.067068  2.549591  -0.353962  0.303957  0.690424  1.352325  -1.160707  -0.123254  0.012166  0.147433  -0.214518  0.152138 
 0.284917  -1.316178  -0.411245  0.717104  0.011921  -0.016173  0.592666  -0.163236  -1.791901  0.730075  0.316447  -0.417738 
 -0.008988  0.464373  0.215388  0.562033  0.841765  -0.084350  0.672106  0.028761  0.556218  -0.102548  0.021310  -0.152636 
 -0.799968  -1.139842  -0.014574  -0.003027  -0.130689  0.494679  -1.091777  0.537692  0.959812  -1.108198  -0.489903  0.084879 
 -1.077519  -0.957916  0.541404  -0.053987  -0.555117  -0.202650  0.484650  -0.615570  -0.733375  1.440871  0.538614  1.196429 
 0.523023  1.642824  0.667340  -0.521223  -0.757649  -0.775595  0.226053  0.204037  0.120344  -1.724163  -0.708429  -1.052880 
 -0.415076  -1.002060  -0.483430  0.108775  -0.161622  -0.382960  -0.462036  -0.217447  -0.802058  0.800513  0.789352  -0.286009 
 -0.121135  -0.257106  -0.017806  0.193855  -0.601581  -0.578594  -0.710352  0.796820  -0.380284  0.366757  0.422249  1.588174 
 0.062891  3.642120  0.586120  -0.182750  0.236452  0.114601  -0.604579  -0.280648  1.563788  -1.205021  -0.980315  -0.112527 
 -0.357095  2.059235  -0.024919  -0.424124  -0.377930  -0.098347  -0.005142  -0.408630  -0.008549  -0.599621  -0.591119  -0.191636 
 0.083538  0.120903  0.566780  0.336426  0.433749  0.238311  0.485159  0.725481  0.959784  -0.579756  -0.447689  -0.022064 
 0.081760  1.648541  0.950603  0.340150  -0.006590  0.051776  0.331929  -0.637844  -0.857557  -0.018377  -0.011682  -0.084950 
 -0.400983  0.248775  0.490528  0.295494  0.071774  0.674309  -1.878430  -0.040455  -1.436817  -0.618927  -0.190949  -0.177897 
 0.757618  0.885531  0.194421  -0.361438  -0.937560  1.012860  -0.205551  0.139959  -0.541885  -0.125611  -0.137420  0.739433 
 -0.241297  -1.207349  -0.677163  0.093021  -0.229013  0.812304  -0.420849  -0.614655  0.478583  0.034065  -0.136746  0.385296 
 -0.234635  -1.170094  -1.115275  -1.015954  -0.406983  -0.175452  -1.195627  0.167242  0.969154  -0.964490  -0.446224  -0.193008 
 1.127795  1.138336  -1.037376  -0.124058  0.217384  0.571478  -1.891824  0.674810  0.574001  -0.433474  -0.349265  0.006436 
 -0.084211  -0.223505  -0.150766  -0.348596  0.369944  -0.546304  -0.572382  -0.010564  -0.658450  0.302091  0.190328  0.233022 
 -0.253235  -1.236700  0.051674  -0.200280  -0.287096  -0.162486  0.509155  0.008413  1.855622  -0.271991  -0.713608  0.844411 
 0.016703  -1.040933  -0.161024  0.555888  0.077776  -0.003781  1.284119  -0.387562  -0.510781  -0.533847  -0.283034  0.606578 
 -1.052447  -1.962822  0.054433  -0.790497  -0.279932  0.761096  0.416754  -0.289761  -0.572129  1.013830  0.434332  -0.130944 
 0.026508  -0.256613  -0.454476  -0.113160  -0.384602  0.660426  -0.082551  0.173613  -1.380652  0.479367  0.530789  0.244005 
 0.951818  2.271034  0.078983  0.121761  -0.223336  -0.255828  0.900535  -0.520815  -0.028039  -0.871837  -0.318869  -0.086387 
 -0.250720  1.172877  -0.008086  -0.111888  -0.176821  -0.577223  1.550086  -0.037743  -0.505102  0.124169  0.029654  -0.479067 
 0.076721  0.567956  -0.024632  -0.313332  0.287745  0.011154  0.406341  0.833019  1.522025  0.005433  -0.295391  0.844826 
 0.604632  1.947348  0.184179  -0.233841  -0.747469  -0.494781  -0.181778  0.199780  0.300058  -0.183862  0.029691  0.423508 
 0.435692  0.573697  0.157013  0.783602  0.023408  -1.227531  1.120299  -0.116063  0.993847  -0.834897  -0.341783  0.183979 
 0.332772  0.985492  0.535103  0.114488  -0.207257  0.521794  0.331667  0.316218  0.707898  -0.307938  -0.539867  0.531973 
 0.323938  -1.526884  0.284539  0.275672  1.662474  0.952080  -2.004722  0.114413  -0.619924  0.182282  0.430743  -0.539028 
 0.130738  1.190272  -0.650704  -0.434703  -0.351498  0.230160  -0.834700  -0.139437  0.818927  0.395511  -0.072655  0.025354 
 -0.526292  -1.219276  -0.642567  0.005083  -0.637097  -0.129811  1.787405  0.521688  -0.510506  -0.534956  -0.465851  -0.500321 
 0.183694  2.822727  0.994721  -0.644504  0.049023  0.544594  -0.391589  0.186302  0.295103  -0.600418  0.320893  -0.129327 
 0.002595  0.477135  -0.248981  0.367881  0.158187  0.075316  0.969793  1.033024  2.368700  -1.851327  -0.548906  0.596575 
 -0.487018  -0.457215  -0.430640  -0.288448  -0.898671  -0.763813  0.325710  0.526648  1.785844  -0.942420  -0.627203  0.323096 
 0.624070  1.849719  -0.296369  -0.209137  -0.274406  -0.468152  1.164005  0.533321  1.547386  -0.655997  -0.191200  -0.605461 
 0.422243  -0.380859  -0.008666  -0.421411  0.247205  -0.416506  0.339732  -0.076663  -0.133722  -0.570032  -0.002767  -0.422663 
 -0.248743  0.868087  1.038259  0.455077  0.676375  -0.681921  1.048299  0.331381  0.433092  -0.111168  0.174806  -0.449327 
 -0.285979  0.925964  0.256131  0.844883  0.118346  -0.395688  0.580166  -0.124771  1.063177  -0.370522  0.379298  -0.268086 
 -0.018761  0.743889  0.937921  0.418590  -0.780595  -0.585920  0.563944  -0.246260  -0.283278  0.469581  0.039576  0.326398 
 0.681970  -0.480000  0.488884  0.212275  -0.302697  0.591218  -1.478570  0.535794  1.891947  -1.721473  -0.592104  0.039237 
 -0.069123  -1.833123  -0.704285  -0.309472  -0.366661  0.846288  -0.772039  -0.346492  0.628138  -0.685664  -0.741748  0.446648 
 -0.016323  0.088313  0.099553  -0.225322  -0.635617  -0.377515  0.787897  -0.412822  -1.658792  1.519337  0.815083  0.120984 
 0.250506  -1.138684  0.476102  0.698910  0.825751  0.552664  -0.662791  0.162160  -1.254092  0.546828  0.735040  0.014848 
 -0.460280  0.746993  -0.114911  0.117469  1.311677  0.129513  -0.482208  -0.277481  -1.273408  1.316377  1.281505  -0.581588 
 0.390474  0.347661  -0.663917  -0.189254  -0.729651  -0.459538  0.700850  0.813091  0.699049  -0.954591  -0.492957  0.228678 
 -1.392505  -1.816834  0.447395  -0.377728  -0.412152  0.308694  0.350218  -0.382391  -0.884732  0.788380  0.295537  -0.024217 
 -0.378588  -0.436265  0.150548  0.510022  0.890345  0.619383  0.198499  -0.210063  0.103896  -0.840316  -0.457518  -0.417359 
 -0.031269  -0.555729  -0.051771  -0.916440  -1.689712  -1.318947  1.323139  0.544755  1.980261  -0.854498  -0.636603  0.401208 
 0.376715  1.565331  -0.016556  -0.075792  0.235229  0.199868  1.163988  0.221693  0.529682  -0.993571  -0.474306  0.737351 
 0.121156  -0.336942  0.118502  -0.773576  -0.661502  -0.069628  -0.102103  -0.020806  0.378820  -0.097934  0.185826  -0.002523 
 0.308265  0.721468  -0.204050  -0.490127  -0.024792  0.214209  -0.182000  -0.455780  -0.084995  0.154381  -0.161380  -0.085889 
 -0.570817  -1.742568  -0.412567  0.399128  0.121390  -0.283084  -0.522995  0.534413  1.155401  -0.454697  -1.177388  0.085638 
 -0.568805  -0.472316  0.407298  0.244647  0.316731  0.339238  -0.458911  -0.258075  0.250726  0.090375  -0.287760  -0.649598 
 -0.035098  -0.192131  0.854274  -0.600223  -0.428939  1.036286  -0.910615  -0.217059  -0.135866  -0.466947  -0.249752  0.247583 
 0.068859  1.413848  0.972571  -0.455547  -0.524238  0.340279  -0.800884  -0.218084  0.073882  -1.149228  -0.304051  -0.413385 
 -0.207563  -0.734363  0.082987  0.128481  0.286002  -0.552513  1.055928  -0.207056  -1.021299  0.008295  -0.197357  -0.269125 
 -1.314680  -1.577274  0.375180  0.429854  -0.278016  0.906576  -1.348666  -0.142931  0.592051  0.021836  -0.019586  0.046410 
 -0.198764  -0.064041  1.100658  -1.073254  -1.298044  -0.825738  1.922936  0.290684  -0.272785  -0.124381  -0.360451  0.018583 
 0.298426  0.515452  0.794683  -0.801259  -0.771898  -0.273780  -0.019944  -0.477029  -0.657196  0.066055  -0.079245  0.112994 
 -0.121026  -0.804194  -0.495116  0.485399  0.183209  -0.117104  -0.119458  -0.613102  0.265413  0.214407  -0.172896  -0.616070 
 -0.169821  -1.871850  -0.224804  -0.244373  -0.797764  0.369714  -0.284818  0.311066  0.880392  -1.198236  -0.241416  0.418139 
 0.173450  -0.220425  -0.496514  -0.056373  -0.077737  -0.365565  -0.011620  0.103861  -0.984715  1.430138  0.775020  0.725142 
 0.116421  1.147012  0.284423  0.104149  -0.157690  -0.282214  1.726844  -0.429176  -0.658480  0.568687  0.465044  0.122995 
 0.852414  -0.349407  0.200030  -0.053376  -0.083114  0.604506  -0.391408  0.123872  -0.017350  -0.003508  0.219715  -0.311305 
 0.726240  1.670318  0.046983  0.024761  -0.413999  -0.073075  0.473105  -0.763801  -1.018761  0.447903  -0.057105  0.517373 
 -0.321382  0.814321  0.584956  0.877569  1.023576  0.206615  -0.238851  -0.697120  -1.652265  0.698940  -0.039827  -0.671306 
 -0.492837  -0.104814  0.035509  -0.269810  0.306350  1.163290  -3.384797  0.166282  0.214591  0.253255  0.205302  0.464541 
 -0.037049  -1.713638  0.185321  -0.562481  0.141396  -0.400663  -0.001210  0.395543  -0.057689  -0.362153  -0.118744  -0.101900 
 -0.178142  -0.357181  0.004921  0.251713  -0.009724  0.301993  0.242518  0.118717  -0.461238  1.214076  0.178813  -0.002774 
 -0.620820  -1.667657  -0.770044  -0.085538  -0.226641  -0.695296  -0.140589  -0.977552  -0.787908  0.795966  0.508046  -0.110069 
 0.229433  -0.334518  0.230033  -0.221115  0.940530  -1.107726  0.932980  0.323157  0.167823  0.761788  0.463109  0.439060 
 0.264551  -0.654741  0.035073  0.122265  -0.220805  0.005014  -0.924860  -0.309124  -0.454308  0.479561  0.135981  0.318200 
 0.127821  1.889053  0.687153  0.935077  0.481038  1.241341  -1.166928  0.035920  -0.455692  0.524773  0.259927  0.030219 
 -0.196599  -2.270231  -0.310511  -0.344312  0.209499  0.558860  0.560455  0.191163  -1.044655  1.410034  0.416501  0.127669 
 -0.863665  -1.540557  -0.762913  0.135514  -0.075709  -1.568762  1.566623  0.262798  0.434813  0.538735  0.266794  -0.303655 
 -1.192134  0.559484  0.655913  -0.721100  -0.881411  0.266357  0.325700  -1.185279  -1.659866  1.298598  0.480222  -0.290298 
 -1.307277  0.784041  0.419848  0.057203  0.508961  0.502138  0.185988  0.697340  0.610278  -0.266081  -0.081906  0.239924 
 -0.388727  -0.708197  -0.132228  0.508563  -0.263380  0.360162  -0.399653  0.609900  1.748736  -1.184687  0.028972  -0.046213 
 -0.315964  -0.874589  0.490917  -0.708046  -0.038163  -0.701813  1.169333  0.472490  0.759120  0.061103  -0.133149  -0.547223 
 0.436458  0.513150  -0.288177  -0.110492  -0.119089  0.012693  -0.955153  0.200178  0.177306  -0.269244  -0.397754  1.006984 
 0.692528  -0.198827  -1.186054  0.123641  0.846766  -0.058916  0.603562  0.285037  1.909699  -0.765765  -0.159617  0.179651 
 0.748454  1.847693  -0.911141  0.090600  -0.436941  -0.602079  0.423335  -0.039314  -0.564281  -0.059308  0.029904  0.336555 
 -0.119334  -0.916516  -0.050320  -0.429504  -1.248799  -0.586720  2.051661  -0.632462  -0.893339  0.404470  0.160122  0.225775 
 0.330631  -0.041975  1.211718  -0.160543  0.392169  0.529598  -1.938768  -0.188367  -1.239001  1.036033  0.696691  -0.815049 
 -0.889252  -1.232481  0.236850  -0.283627  -0.033423  0.118699  -0.417261  0.097046  -0.733210  0.155760  0.330196  -0.547787 
 -0.242584  0.087678  -0.283161  -0.786179  -1.030486  -0.300567  -0.883426  0.323552  0.191010  0.092474  -0.051741  0.471796 
 -0.953692  0.179585  1.038964  0.131143  -0.474396  -0.880571  1.346156  -0.361943  -0.166066  -0.108161  0.172098  -0.276202 
 0.604659  1.734120  0.341923  -0.683645  -0.401805  0.472501  -1.215890  -0.256839  -1.154618  0.511855  0.097666  0.035208 
 0.029833  -1.606948  -0.340576  -0.332137  -0.233138  -0.439247  0.996543  -0.074387  0.132722  -0.522060  0.120163  0.708818 
 -0.395068  1.364028  1.073742  0.256291  0.270164  -0.443842  0.469775  -0.646535  -1.175652  0.613965  0.319606  -0.215044 
 0.910297  1.432958  -0.961528  0.174551  0.009339  -0.280397  -0.534676  0.483751  1.048448  -1.020658  -0.580493  -0.555706 
 0.211981  2.472669  1.346172  0.640494  0.865537  0.033485  -1.199954  0.245325  1.383114  -0.993987  -0.609487  0.442225 
 -0.938162  1.205106  0.335481  -0.741956  0.141835  1.114992  -0.475417  -0.074968  -0.218102  -0.323152  -0.011278  -0.271051 
 0.140534  -0.583782  -0.259396  -0.178204  0.821441  0.095778  1.293357  -0.329513  -0.785535  1.173004  0.348363  0.063262 
 -0.231488  1.515232  0.930061  0.527244  0.852626  0.009576  0.069783  0.059010  -0.829042  -0.231968  0.564056  -0.092793 
 -0.406625  -0.747555  -0.143120  -0.239433  -0.926373  0.513949  -0.431887  -0.213521  0.232327  -0.427793  -0.322541  0.411616 
 -0.057357  -0.341139  0.204385  -0.445897  -0.582764  1.310821  -0.962523  0.449454  1.201392  -0.902601  -0.657205  0.010109 
 0.505898  0.265362  -0.299917  -0.043898  -0.389902  -0.202588  -0.424377  0.694826  0.905046  -1.140773  -0.863810  -0.270463 
 -0.614830  -0.327863  0.337117  -0.122968  0.271152  0.825906  -1.611506  0.027766  -1.016396  1.395882  0.646032  -0.063206 
 -0.357460  -1.744315  0.188677  -0.356770  -0.605954  1.409108  -1.355570  0.485257  -0.444063  -0.563878  0.144707  0.018789 
 0.557223  -0.497990  -1.417679  -0.626546  -0.546035  -0.986246  -0.080155  0.581969  1.851154  -1.252053  -1.238715  0.573179 
 0.382731  0.907341  0.178257  -0.588799  -0.513495  0.743029  -0.865879  0.589253  1.332182  -1.746702  -1.130997  0.620559 
 0.235034  -1.301737  -0.203292  0.572406  0.680341  -0.164261  0.037915  0.650353  1.355084  -1.306722  -0.941475  -0.617289 
 0.281982  2.186491  0.266312  0.051471  0.173298  -0.389122  0.748697  1.085937  1.191498  -1.012769  -0.584890  0.135878 
 0.838180  0.743928  0.794720  0.754405  0.759459  -0.525727  1.740877  -0.495370  -0.164497  -0.161113  -0.126767  -0.464388 
 -0.396293  -2.182627  -0.126937  -1.332657  -1.054021  1.040172  -0.542463  -0.411488  -2.017601  0.714292  -0.123601  -0.267008 
 -1.104073  -3.271259  0.394043  0.358708  0.285421  0.225349  -0.223198  -0.373075  -0.189671  -0.511016  -0.154942  0.248712 
 0.234080  0.186937  0.456267  0.554459  0.982396  -0.120641  -0.299700  -0.074762  0.549661  0.041992  0.322544  -0.533115 
 -0.286582  -1.779623  -0.852701  -0.380578  -0.865914  1.297412  -2.154448  -0.618984  -0.469081  -0.510161  -0.490152  -0.084663 
 0.704507  0.387573  0.370862  0.736049  1.125285  0.553887  -0.696574  0.041421  -0.772459  0.972106  0.573453  -0.002367 
 0.147774  1.624755  0.227992  0.424974  -0.198830  -0.699299  0.972994  -0.203232  -0.998200  0.481719  0.482892  -1.021655 
 1.219116  1.329215  0.728033  -0.210629  -0.218911  -0.504721  1.083301  0.542327  0.547643  -1.332475  -0.757263  -1.093245 
 -0.068833  0.720935  -0.516307  0.293184  0.887762  0.956031  -1.303463  0.668911  -0.922831  0.696190  0.072083  -0.358298 
 -0.098225  -0.819124  -0.016991  0.146552  1.366118  -0.530922  0.772797  0.174642  -0.712162  -0.124083  -0.447012  -0.091403 
 0.469529  0.980957  -1.349276  -0.071348  0.651248  -0.442346  -0.525849  -0.519503  -1.583552  0.211548  0.178527  0.071492 
 -0.477990  0.078895  -0.076571  -0.189304  -1.282486  0.261460  0.248817  0.008182  1.042830  -0.814293  -0.136460  0.791432 
 -0.383430  -1.255208  -0.634570  -0.526443  -0.444994  0.272342  -0.241759  -0.386988  -0.175591  0.226215  0.697376  -0.070441 
 -0.622410  -1.520324  -0.804788  0.154013  0.192806  -0.812433  1.617184  -0.231821  -0.703630  0.371268  0.109424  -0.009366 
 0.142962  -0.857271  -0.542993  -0.636139  0.020317  -0.484440  0.059368  0.296843  1.061486  -0.442242  -0.139729  -0.605105 
 0.275667  -0.493841  -0.567647  0.443906  0.215616  -0.424340  -0.219945  0.021767  -0.534533  1.288938  0.512105  0.327196 
 0.273592  2.660198  0.562523  0.251657  0.160698  0.375933  -0.860323  -0.355140  -0.363788  0.884521  0.400297  -0.605767 
 -0.389532  -1.918341  -0.105217  0.149329  -0.453393  -0.911831  -0.335506  -0.166346  0.029120  -0.954412  -0.523206  0.714751 
 0.060574  2.807316  1.584042  0.543863  0.543348  0.192654  0.099000  -0.558902  -0.197997  1.406761  0.722335  -0.046047 
 1.229925  0.080204  0.133827  -0.257715  0.502114  -0.005451  0.463586  0.207954  -0.549468  0.487046  0.046915  0.213962 
 0.049623  0.431335  -0.974703  1.129516  0.511305  -0.036954  -0.414395  -0.297571  0.526628  -0.779651  -1.150762  -0.016848 
 -0.797013  -1.630308  0.197249  -0.657508  -0.593179  0.100136  -0.343897  -0.588933  -1.173070  0.577735  0.583934  -0.030242 
 -0.099381  -1.350727  -0.419008  0.326016  0.476927  -0.814619  0.816252  0.111993  0.671910  -0.457142  -0.597178  0.630813 
 0.066960  0.412153  0.189314  0.234545  0.149131  -0.072906  0.095322  0.170961  0.718658  -0.773747  -0.536013  -0.437014 
 -0.240716  -1.260694  -1.157011  0.375601  0.311013  -0.516036  0.278772  -0.025152  0.431988  0.046517  -0.078528  -0.412018 
 -0.168596  -1.042557  0.556333  0.197953  -1.016511  0.417238  -0.529561  0.016713  0.599787  0.782524  0.606380  0.447439 
 0.390604  -0.811485  0.149983  -0.024088  -0.431563  0.879777  -1.043615  0.481662  0.224919  -0.127476  0.062993  -0.127688 
 0.591140  -0.378905  0.376660  0.451301  0.542888  -0.138960  -0.106903  0.649650  1.232785  -0.411593  -0.077472  0.007423 
 1.098548  2.135257  -1.667821  -0.326422  -0.237253  0.129540  0.065863  0.704105  0.882095  -0.599567  0.013452  0.260947 
 0.610173  -0.101634  0.729178  -0.016341  -0.070049  0.042384  1.162793  0.443378  1.071431  0.209314  -0.049649  -0.132695 
 -0.693104  0.618299  0.412843  -0.298253  -0.037851  0.418890  -0.354240  -0.446564  0.505996  -0.236208  0.249587  -0.344337 
 -0.071505  -0.280341  0.283474  0.157426  -0.747475  -0.318087  -0.801272  0.299885  0.120795  0.496522  0.145019  0.087733 
 0.380553  -0.033693  -0.432845  0.304652  0.588359  0.712571  -0.601883  0.548151  0.062518  -0.045724  -0.167383  -0.288613 
 -0.339347  0.040640  -0.475789  0.516646  0.843726  -0.485612  0.468423  0.072467  -0.625338  -0.360534  -0.558818  -0.373766 
 0.296325  2.235967  -0.062016  -0.635444  0.491053  -0.447604  0.960204  -0.201021  -1.081853  0.801015  0.511528  -0.496450 
 -0.187438  1.039435  -0.935279  -0.350259  0.094090  -0.566299  1.016668  -0.657552  -0.360875  1.777401  0.861509  -0.678882 
 0.330090  1.581950  -0.150271  -1.187195  0.367809  -0.202830  -0.286702  -0.011682  -0.693418  0.419553  0.104267  0.817863 
 0.249439  -1.923477  -0.435420  -0.522010  -0.077277  0.459323  -0.066166  -0.196926  -1.404888  2.028738  0.344209  -0.101169 
 -0.999928  -3.117060  0.353165  0.956803  0.285237  -0.833099  1.929158  -0.186667  0.142807  -0.321475  -0.129024  -0.133691 
 0.074303  0.032968  0.697719  0.325334  1.093773  1.170868  -0.314206  -0.470406  -0.108648  0.366812  -0.028789  -0.694681 
 0.432105  1.466911  0.037655  -0.313887  -0.905889  -0.076104  -0.394321  -0.106499  0.074211  -0.154758  -0.270175  1.105826 
 -0.327577  -1.378469  -0.434113  -1.325242  0.265690  0.392574  -0.748665  -0.439624  -1.450781  0.817560  0.988618  0.717928 
 0.084701  1.053303  0.421752  0.171442  -0.567885  -0.566077  0.405510  0.025838  0.051849  -0.328349  -0.012325  0.440723 
 -0.269035  0.662205  0.138518  -0.282208  -1.216782  -0.166745  0.747619  -0.226776  0.279516  0.721885  0.376259  -0.364900 
 -0.119249  0.473455  -0.901702  -0.187929  -0.962432  -0.756413  1.004194  0.279207  0.752255  -0.002024  0.104578  0.163404 
 0.714049  1.836816  0.039785  0.002387  0.359326  -0.854677  0.360924  -0.118882  0.121511  0.556635  0.027252  -0.186095 
 0.050796  -0.382460  -0.228091  -0.303672  -0.392449  0.123235  0.472499  -0.521359  -1.368731  1.232276  0.239624  -0.856731 
 -0.178367  -0.381191  0.030642  0.310252  -0.355741  -0.028319  -1.227996  0.511280  0.358620  -1.135894  -0.052667  0.051357 
 0.131096  0.531813  0.301431  0.207927  0.132584  -0.081086  1.059717  -0.287330  -1.703900  0.327156  0.390542  0.086463 
 -0.267217  -0.568088  0.004390  0.381273  0.245419  -0.019318  0.488397  -0.327713  -0.294963  0.094239  0.397117  0.361147 
 0.636444  1.824770  -0.137683  -0.086537  -0.499298  -0.144166  0.000123  0.007777  1.458237  -1.026724  -0.866302  -0.059919 
 -0.343154  0.383575  0.087404  -0.238840  -0.099476  -1.008240  0.405140  -0.483630  -0.115540  -0.536003  -0.319774  -0.112693 
 0.541701  0.346322  0.303064  -0.438901  -0.499560  0.665137  -1.521380  0.664490  0.268013  0.262444  0.935123  -0.531200 
 0.712616  1.975280  1.095087  0.285077  0.104429  0.398409  -0.355218  0.077915  -0.297069  -0.073350  0.036150  0.389669 
 -0.016534  -0.437886  1.144970  0.302894  0.301583  0.589463  -0.492361  -0.945379  -0.419245  1.235279  1.686699  0.418567 
 -0.106595  0.438944  0.270775  -0.850197  -0.039990  0.823832  -0.680218  -0.506787  -1.091127  -0.126454  0.208938  0.510821 
 -0.192112  0.450911  0.162057  0.027047  0.382211  -0.730611  -0.122303  0.101620  0.714810  -0.296056  -0.414612  -0.131928 
 -0.320936  -1.155393  0.647031  0.560044  0.993008  -0.325258  -0.183374  -0.112042  0.280885  -0.342416  -0.230354  -0.258267 
 0.812185  1.444987  -0.392253  -0.572785  -0.930745  1.677304  -0.776973  0.737111  0.687793  0.417550  0.162530  1.214383 
 1.488331  2.601303  -0.013784  0.412528  0.654460  0.689978  0.237104  0.276088  -0.188712  0.565587  -0.431274  -0.105995 
 0.552161  1.234369  -1.307416  -0.519888  -0.802880  -0.443985  -0.519306  0.922549  2.034042  -0.758583  -0.448813  -0.901689 
 -1.303878  -2.851019  -0.024340  0.096444  0.580657  0.027095  0.187105  -0.736248  -1.256300  1.076146  0.571878  -0.027085 
 -0.031373  -1.156516  -0.140796  0.474561  1.485226  -0.802619  2.052995  -0.045163  -0.137635  0.929109  0.434657  -0.134667 
 -0.482902  0.108869  0.310539  -0.324218  -0.102891  -0.111481  -0.661987  -0.162167  -0.523263  1.058958  0.499263  0.304097 
 0.482728  -0.753614  -0.517189  0.925035  0.947703  0.328954  -0.062652  -0.306010  -0.450285  0.658941  0.345687  -0.076103 
 0.420701  0.775206  0.891143  0.198241  0.286091  0.037257  -0.325064  0.600255  1.152920  -1.243009  -0.967884  0.137391 
 0.152859  0.988775  0.637529  0.500610  -0.446508  0.592532  -0.345573  0.119838  0.022322  0.052802  0.050000  0.461848 
 -0.216330  1.220167  -0.147591  -0.452791  -1.991327  0.564149  -2.339300  0.115851  -0.569462  1.250606  0.624949  1.511406 
 -0.545901  -1.605434  -0.149710  0.576668  0.381872  0.870698  -1.486294  -0.251565  1.026423  -0.362993  -0.286256  -0.800057 
 0.347672  -0.612101  -0.151946  -0.313734  -0.940445  0.264435  -0.608708  0.817537  0.592491  0.156373  0.155099  0.112916 
 0.245394  -0.591222  -0.372670  0.421073  0.466920  0.932281  -1.359296  0.210148  -0.462303  0.321650  0.395021  -0.471595 
 0.350104  -0.828591  -0.718469  -0.220328  -0.167679  0.796007  -2.054575  0.461737  0.561190  -1.037059  -0.494717  -0.200145 
 -0.945036  1.139430  -0.654244  0.630968  -0.598784  -1.266677  2.764258  -0.384962  0.085402  -0.909324  -0.634739  -0.477460 
 0.754416  0.760151  -0.579187  -0.349168  -0.081247  1.500157  -1.874275  0.265293  0.615755  -0.829334  -0.480515  -0.865164 
 0.422025  -0.823855  -0.549482  0.054934  0.123209  -0.686772  0.668957  0.700707  0.596863  -1.122607  -0.296231  -0.323621 
 -0.178807  2.697653  0.460531  0.429335  0.129110  0.536765  0.520628  0.286855  0.087232  -0.452817  -0.232796  0.244138 
 0.161426  1.982182  -0.259589  0.131655  -0.004601  -0.779883  1.076683  0.423980  2.052246  -0.898934  -0.201716  0.500323 
 -0.206906  -1.783445  0.213783  0.053238  -1.066768  0.401247  0.636625  0.188301  0.430257  -0.698053  -0.699260  -0.023260 
 0.978820  0.926238  0.159292  -0.359848  1.291264  -0.493937  1.274885  -0.106151  -1.002661  1.454000  0.244231  -0.677929 
 1.314048  1.248730  -0.711971  -0.099530  -0.755861  -0.549985  1.283810  0.631668  2.666643  -1.714609  -0.508145  -0.420742 
 -0.569029  -1.579106  0.625568  0.032110  0.163726  -0.783993  1.401619  -0.700307  -1.508647  0.637005  -0.362047  0.124071 
 0.602826  2.793808  0.576172  0.844880  1.510624  -0.590969  -0.141947  0.320742  0.073796  -0.300020  0.064802  -0.692237 
 0.042868  0.118535  -0.571624  0.063913  -0.459697  0.095837  -0.483909  0.000919  -0.258888  0.404114  -0.092155  0.163175 
 0.239026  -1.679838  -0.430539  0.052028  -0.702310  0.244260  -0.208323  -0.114581  -0.607343  -0.699679  -0.080650  -0.500460 
 -0.048394  2.234962  0.528675  -0.288543  -0.415870  -0.120010  0.933570  -0.298407  0.062085  -0.373836  -0.330703  -0.038852 
 -0.400859  -0.471707  -0.727837  -0.607031  -0.546362  -0.745382  1.674540  0.075517  0.367756  -1.007587  0.029334  -0.108192 
 -0.414910  -2.066246  -0.664657  0.600579  0.102785  -1.053812  1.340188  0.259370  0.376730  0.348473  -0.110305  -0.307937 
